Sequenced:  3.4754274871 seconds
Threaded:  3.5074201009999997 seconds
Multi-processed:  2.062999036399995 seconds
